hotel
1234
1234
1234
1234
1234
5677
7345
3764857
234
5456
35345
3245
547
856798
34
234463
6456657
23
2345
36345
345
12356
45756
43532
45647
324
5346
5677
7345
3764857
234
5456
35345
3245
547
856798
34
234463
6456657
23
2345
36345
345
12356
45756
43532
45647
324
5346
5677
7345
3764857
234
5456
35345
3245
547
856798
34
234463
6456657
23
2345
36345
345
12356
45756
43532
45647
324
5346
5677
7345
3764857
234
5456
35345
3245
547
856798
34
234463
6456657
23
2345
36345
345
12356
45756
43532
45647
324
5346
5677
7345
3764857
234
5456
35345
3245
547
856798
34
234463
6456657
23
2345
36345
345
12356
45756
43532
45647
324
5346
1234
5677
7345
3764857
234
5456
35345
3245
547
856798
34
234463
6456657
23
2345
36345
345
12356
45756
43532
45647
324
5346
